0.9217  -0.5544  -0.7359  0.3316  -1.6717  -0.2763  -0.8204  0.5460  -1.2382  -0.3798  
0.9413  -0.2981  0.2020  0.7432  -0.4770  -0.2986  0.1277  0.3683  -0.5245  0.5861  
-2.3274  -0.3527  -0.7801  -0.5850  0.5326  0.0494  -1.2147  -0.1069  -1.8913  0.4783  
1.3654  -0.4226  0.8866  1.5730  0.6387  0.4454  -0.9716  -0.5539  -0.6830  -0.0522  
0.4478  0.2211  0.5146  -0.2927  0.0477  -0.5262  0.9668  -1.0029  -0.3373  -1.8679  
0.4996  -0.6948  -0.4775  -0.1586  0.4179  0.4570  -0.1619  -0.3069  0.2622  -0.5160  
-0.6879  0.0135  0.3129  -0.2554  -0.0437  -1.2404  -1.0693  0.6188  0.1194  1.2397  
-2.5845  0.5495  -1.1811  -1.9964  0.2332  -1.7225  1.9062  0.0081  1.8857  -0.5705  
0.9985  -0.4816  -0.4627  0.0730  -0.2414  -1.3027  -1.0422  1.1997  -0.6629  -1.4535  
1.7290  0.8729  -0.5421  -0.3847  1.2451  -1.3912  1.5894  0.7694  0.8266  -1.8477  

